depth	age	mgca	sst
4	0.56	2.39	12.02
78	0.63	2.62	12.94
92	0.70	2.22	11.25
92	0.70	2.13	10.87
106	0.77	2.52	12.52
120	0.84	1.78	9.07
134	0.91	2.69	13.18
134	0.91	2.65	13.02
152	0.98	2.53	12.58
174	1.05	2.47	12.33
194	1.12	2.18	11.08
194	1.12	2.27	11.49
208	1.16	2.25	11.40
208	1.16	2.48	12.38
212	1.17	2.23	11.33
212	1.17	2.21	11.21
212	1.17	2.25	11.38
212	1.17	2.25	11.37
216	1.19	2.53	12.57
236	1.26	2.35	11.81
256	1.33	2.04	10.44
274	1.39	2.25	11.38
294	1.47	1.91	9.77
294	1.47	2.00	10.23
314	1.54	2.43	12.16
334	1.61	2.58	12.76
352	1.68	2.34	11.77
362	1.74	2.40	12.05
372	1.82	2.25	11.39
380	1.88	2.21	11.20
390	1.96	2.00	10.23
390	1.96	2.35	11.84
398	2.02	2.24	11.34
398	2.02	2.19	11.14
434	2.17	2.50	12.43
464	2.24	2.62	12.91
488	2.31	2.40	12.02
500	2.38	2.21	11.20
510	2.44	2.12	10.80
510	2.44	1.84	9.40
522	2.52	2.15	10.92
534	2.59	2.32	11.72
544	2.65	2.42	12.10
556	2.73	2.42	12.12
566	2.80	2.36	11.88
574	2.86	2.45	12.25
582	2.93	2.22	11.26
592	3.01	2.41	12.07
600	3.08	2.50	12.45
608	3.14	2.68	13.14
608	3.14	2.49	12.41
618	3.23	2.36	11.87
626	3.29	2.28	11.54
634	3.36	2.29	11.56
642	3.42	2.16	10.97
652	3.50	2.18	11.07
662	3.57	2.14	10.89
670	3.63	1.93	9.84
680	3.70	2.10	10.68
690	3.78	2.13	10.83
700	3.85	1.81	9.23
700	3.85	1.55	7.70
700	3.85	1.82	9.28
710	3.92	1.84	9.36
710	3.92	1.60	7.96
720	3.99	2.18	11.07
728	4.05	2.29	11.59
738	4.12	2.10	10.68
750	4.20	1.79	9.08
750	4.20	1.96	10.02
750	4.20	1.91	9.76
760	4.27	2.24	11.35
760	4.27	1.71	8.64
772	4.34	2.19	11.11
782	4.40	2.18	11.07
794	4.48	1.97	10.09
798	4.50	2.18	11.09
798	4.50	2.07	10.57
798	4.50	1.81	9.21
798	4.50	1.95	9.98
800	4.52	1.94	9.92
800	4.52	1.87	9.52
800	4.52	1.79	9.13
800	4.52	1.81	9.19
802	4.54	1.98	10.14
808	4.61	2.04	10.42
814	4.68	2.14	10.89
814	4.68	1.90	9.73
814	4.68	1.83	9.35
820	4.75	1.81	9.22
820	4.75	1.83	9.34
826	4.82	2.06	10.51
832	4.89	2.00	10.23
838	4.96	2.07	10.57
844	5.03	2.00	10.23
850	5.10	2.09	10.66
856	5.17	2.23	11.32
866	5.25	1.90	9.69
880	5.32	1.92	9.79
894	5.39	1.95	9.96
908	5.46	2.14	10.87
908	5.46	2.05	10.45
918	5.53	1.61	8.06
918	5.53	1.60	7.96
926	5.59	2.08	10.60
926	5.59	1.86	9.49
936	5.67	2.05	10.46
936	5.67	1.85	9.44
944	5.73	2.34	11.77
950	5.80	2.42	12.13
956	5.87	2.11	10.75
962	5.94	1.98	10.11
968	6.01	2.28	11.52
974	6.08	1.99	10.18
980	6.15	2.08	10.62
986	6.22	2.10	10.71
992	6.30	1.98	10.12
998	6.37	2.03	10.34
1004	6.44	1.71	8.65
1010	6.51	1.91	9.75
1016	6.58	2.02	10.29
1022	6.65	1.81	9.20
1028	6.72	1.98	10.11
1048	6.86	1.78	9.06
1062	6.93	1.89	9.65
1076	7.00	1.99	10.15
1090	7.07	1.96	9.99
1100	7.14	1.86	9.49
1106	7.20	2.15	10.92
1114	7.28	2.01	10.26
1122	7.35	1.92	9.79
1130	7.43	1.86	9.51
1138	7.50	2.11	10.77
1144	7.56	2.41	12.09
1152	7.63	2.06	10.52
1154	7.65	1.80	9.14
1156	7.67	1.85	9.44
1158	7.69	1.94	9.91
1160	7.71	2.26	11.45
1162	7.73	2.17	11.03
1164	7.75	1.85	9.43
1166	7.77	1.92	9.81
1170	7.80	2.15	10.93
1172	7.82	2.31	11.68
1174	7.84	2.14	10.90
1176	7.86	2.12	10.80
1178	7.88	2.18	11.08
1180	7.90	2.43	12.16
1182	7.92	2.08	10.59
1184	7.94	2.20	11.16
1186	7.96	1.93	9.85
1188	7.98	1.95	9.95
1190	8.00	2.14	10.87
1192	8.02	2.05	10.46
1194	8.04	2.31	11.65
1196	8.06	2.05	10.48
1200	8.10	2.05	10.44
1202	8.12	2.09	10.65
1204	8.14	1.77	8.99
1206	8.16	2.02	10.31
1208	8.18	1.98	10.09
1210	8.20	1.77	8.99
1212	8.21	2.13	10.84
1214	8.23	1.99	10.18
1216	8.25	1.93	9.85
1218	8.27	2.11	10.76
1218	8.27	2.09	10.64
1220	8.29	1.93	9.86
1220	8.29	1.89	9.66
1222	8.31	1.92	9.82
1222	8.31	1.92	9.80
1224	8.33	2.23	11.33
1224	8.33	2.18	11.09
1226	8.35	2.05	10.45
1228	8.37	1.93	9.85
1230	8.40	2.43	12.16
1232	8.42	2.37	11.93
1234	8.44	2.22	11.25
1236	8.46	2.19	11.11
1236	8.46	2.16	10.98
1238	8.48	2.29	11.56
1240	8.50	2.30	11.60
1242	8.52	2.23	11.29
1244	8.54	2.31	11.66
1246	8.56	1.97	10.06
1248	8.58	2.09	10.66
1250	8.60	2.19	11.14
1252	8.62	1.85	9.45
1256	8.66	1.96	9.99
1258	8.68	2.07	10.56
1260	8.70	1.97	10.07
1260	8.70	2.11	10.75
1262	8.72	2.14	10.88
1264	8.74	2.11	10.74
1266	8.76	2.13	10.84
1268	8.78	2.31	11.66
1270	8.80	2.11	10.75
1272	8.82	2.04	10.41
1274	8.84	1.95	9.97
1276	8.87	1.98	10.13
1278	8.89	2.26	11.44
1280	8.91	1.88	9.60
1282	8.93	1.75	8.89
1286	8.96	1.98	10.09
1288	8.97	2.02	10.31
1298	9.03	2.17	11.03
1308	9.09	2.08	10.61
1320	9.17	2.09	10.67
1332	9.24	2.36	11.87
1342	9.30	2.22	11.26
1354	9.38	2.17	11.01
1366	9.45	2.15	10.95
1378	9.52	2.00	10.20
1392	9.59	1.98	10.12
1404	9.66	2.26	11.42
1416	9.72	2.05	10.47
1430	9.80	1.89	9.65
1442	9.87	1.98	10.10
1456	9.94	1.83	9.32
1468	10.01	1.95	9.94
1482	10.08	1.67	8.41
1496	10.15	2.15	10.95
1510	10.22	2.11	10.76
1524	10.28	1.89	9.65
1536	10.38	1.61	8.05
1538	10.42	1.73	8.76
1540	10.47	1.86	9.48
1540	10.47	1.84	9.38
1540	10.47	1.80	9.17
1542	10.51	1.83	9.30
1544	10.56	1.93	9.87
1548	10.65	1.51	7.41
1548	10.65	1.69	8.54
1548	10.65	1.73	8.75
1550	10.70	1.94	9.91
1554	10.79	1.62	8.10
1556	10.83	1.97	10.08
1560	10.92	1.75	8.90
1562	10.97	1.85	9.44
1566	11.06	2.03	10.35
1570	11.15	1.81	9.23
1572	11.19	1.75	8.85
1576	11.28	2.00	10.22
1578	11.33	1.83	9.35
1578	11.33	1.97	10.05
1578	11.33	1.85	9.43
1578	11.33	1.77	9.02
1578	11.33	1.91	9.76
1578	11.33	1.89	9.67
1582	11.42	1.95	9.94
1584	11.46	2.39	11.98
1584	11.46	1.88	9.57
1588	11.56	1.76	8.94
1590	11.60	1.62	8.14
1592	11.73	1.61	8.03
1596	11.99	1.63	8.20
